28 24 10
101111111011101111101101
111111111111101100100110
010111100111010111111111
110111111111111111100110
110011111111010101111101
011111101111110111011001
101111010111101001011011
111111010011110001101110
110110101111101011101011
111101010011110111111000
101011010111101111011110
111111111111010111111101
101101010110011111011110
111011011111111111011101
011111111100111111111111
111011111011111000101101
111000101100111111111101
101111111011000001101011
111011001111111011111101
101111111011101101111010
001111010101111101111111
001001101101110111101011
110110000011101111001011
110111111111111101111011
011111111101111011101111
001111101111111111010110
101111110101011110100101
110111111111101100101001
