30 30 10
000000100000000000000111001100
110000111100110100010010101110
011111000000001010000000000010
100000011110100001010011110011
101100101001110111010010000100
100010100000011000000010001000
001001101110011111100110000101
010110000010111100011010000010
100100101100100000111000000100
111010000100000010100001011000
100101110010010110010001111110
001100100010010110000000000100
010000100010011110010001010000
001101000000101110000000000010
101001001001010101100011010000
001001100110101001000110000101
010110101011101111001000100100
110110010000100000100000011011
001101000001000000100001001000
010111100100100000011010111110
001000111001011011110010000000
011100110000011001100001101110
000100000010011000100001110011
111111000110000010111010010010
111111011010101000100001100010
011110011001101001101010100010
100010110001010010000100100011
111001100010110010010000101001
010101001011011111110000000000
000000000100010011000000111100
