22 28 12
1110011000101111001010111111
0101100101011111100110101110
1011111100010011101101111111
1101100101100001110001101111
0001111111110011000111110111
1010111100011100111110011111
1010011100000110011111011100
0101100000111110111111110010
1110010000111101101101110010
0111111001000111011000010010
1000110010101110011101010011
1001111011010010111010010111
1001001000111011100111111111
1101110111111111110010000011
1011100111111010010111011110
1010111100111011010110111111
1110101111111111011111110101
0100111111001011111111100110
1011100110011111111111100101
1111011001001111011110000101
0101111111010110010110100110
0111010010111010110111111101
