34 17 10
10110011111101111
00101010111111111
10111110101011110
01011110110010111
11111101011111110
11111001101111111
01011111111100111
11000011101101011
11110101011101011
10011111101111111
11111011110111111
10111110111110011
10011001101101011
11101111011011111
11010011001110111
10111111111011111
10001110100111100
11111000011000011
11111111110111111
11111011110101100
01111110111111110
11111101111101110
00111111010111011
11101111111011010
01011111110100011
10011101011110111
11101011111111001
11111111111000110
10111111111111101
11111111101101110
11101101000111110
01111101011110011
10111111111110011
10111111011101111
